1790
823
788
63
274
1904
1170
87
1157
809
1549
1341
1316
1124
1722
1938
54
1283
1797
1050
476
49
38
469
1599
985
1768
970
190
1450
670
307
302
347
668
690
220
552
1467
479
656
1584
1510
1949
314
549
1848
1433
1607
915
1290
1334
191
1955
882
1720
1667
888
988
1834
159
590
237
322
1398
873
153
1604
971
1303
1048
1302
1459
1763
731
1317
875
1973
165
1979
138
1773
729
101
1140
1162
1207
1969
411
350
913
325
1632
1261
1819
1384
702
97
278
75
1910
156
333
846
1633
1895
18
1029
1158
608
1269
537
1370
1367
736
1771
154
182
461
294
1151
247
1573
1460
1754
287
1116
261
964
1978
1679
747
140
227
1255
691
416
1111
1426
1310
1939
1078
1934
653
437
1724
761
1566
231
1234
434
944
238
596
578
701
478
753
120
770
1001
1534
1786
572
1685
1368
1005
1495
785
211
912
1562
1726
1062
921
78
1226
1874
898
648
1691
1774
1713
1840
358
343
538
1214
1202
1254
163
568
1171
1133
1096
998
950
113
1554
722
